predicted grand mean gap (weighted over window): 310.3  (empirical: 292.0)

    r       emp      pred     resid       z  pred_wheelonly
   11    1.0141    1.0133   +0.0008    +0.4          1.0022
   17    1.0175    1.0146   +0.0029    +1.5          1.0300
   29    1.0472    1.0439   +0.0033    +1.7          1.0385
   41    1.0362    1.0377   -0.0015    -0.7          1.0473
   59    1.0350    1.0302   +0.0048    +2.4          1.0358
   71    1.0268    1.0250   +0.0018    +0.9          1.0445
  101    0.9898    0.9907   -0.0009    -0.5          0.9911
  107    1.0224    1.0164   +0.0060    +3.0          1.0185
  137    0.9631    0.9663   -0.0032    -1.6          0.9638
  149    0.9553    0.9626   -0.0073    -3.7          0.9690
  167    0.9573    0.9628   -0.0055    -2.7          0.9536
  179    0.9626    0.9623   +0.0003    +0.2          0.9582
  191    0.9679    0.9713   -0.0035    -1.7          0.9631
  197    0.9952    0.9950   +0.0002    +0.1          0.9891
  209    1.0098    1.0081   +0.0018    +0.9          0.9955

chi2 = 48  (dof=15)   r^2 = 0.9939   slope = 1.095   Spearman = 0.9893
deviation spread: empirical 0.0919, predicted 0.0816
largest residuals: [(149, -0.007302468869770595), (107, 0.006032943875435404), (167, -0.005479914086288562), (59, 0.0047684953382212125)]
